* 1: Runtime = 4560.907294
* 2: Runtime = 2378.866794
* 4: Runtime = 1113.100300
* 8: Runtime = 586.383440
* 12: Runtime = 442.161445
* 16: Runtime = 507.853073
* 20: Runtime = 522.657613
* 24: Runtime = 542.611265


== Berlin52
** Best know fitness: 7542

** 1
-- fitness = [17319]
-- chromos = [6][39][36][26][4][2][21][41][1][29]
    [20][17][16][40][8][32][42][31][18][3]
    [23][19][43][15][12][25][45][24][5][47]
    [22][30][49][28][51][50][27][46][13][10]
    [11][14][44][34][0][33][35][38][7][9]
    [48][37]
--------------------------------------------------------------
* Runtime = 1248.187445

** 2
-- fitness = [15605]
-- chromos = [48][20][30][39][24][31][0][21][22][17]
    [18][44][32][27][25][12][26][11][50][8]
    [7][40][23][2][16][41][6][1][29][28]
    [37][46][13][10][51][42][43][45][36][15]
    [5][47][49][19][34][35][33][4][3][38]
    [9][14]
--------------------------------------------------------------
* Runtime = 827.780406

** 4
-- fitness = [12338]
-- chromos = [39][4][3][5][45][37][36][0][30][21]
    [34][43][15][47][23][11][24][25][26][12]
    [13][51][10][32][50][27][46][28][22][49]
    [41][6][1][29][19][16][20][17][2][7]
    [18][9][8][44][38][42][40][33][14][31]
    [48][35]
--------------------------------------------------------------
* Runtime = 382.320177

** 8
-- fitness = [9216]
-- chromos = [3][5][24][43][15][28][29][19][49][45]
    [27][26][25][46][12][13][51][10][50][11]
    [32][42][9][8][40][7][18][2][17][16]
    [6][1][41][20][22][21][30][0][33][35]
    [36][23][47][14][44][31][48][34][38][39]
    [37][4]
--------------------------------------------------------------
* Runtime = 240.396721

** 16
-- fitness = [8057]
-- chromos = [15][43][33][0][21][48][31][44][18][40]
    [7][8][9][42][32][50][11][27][10][51]
    [13][12][26][25][46][28][29][1][6][41]
    [20][16][2][17][30][22][19][49][45][24]
    [3][5][14][4][23][47][37][36][39][38]
    [35][34]
--------------------------------------------------------------
* Runtime = 180.385604

** 24
-- fitness = [7674]
-- chromos = [35][48][31][0][21][30][22][19][49][28]
    [29][1][6][41][20][16][2][17][44][18]
    [40][7][8][9][42][32][50][10][51][13]
    [12][46][25][26][27][11][24][3][5][14]
    [4][23][47][37][36][39][38][34][33][43]
    [45][15]
* Runtime = 129.190179
* tspgen finished!

== a280
** Best known fitness: 2579


** 16
-- fitness = [6015]
-- chromos = [172][106][105][104][103][102][168][169][171][170]
    [167][166][165][175][176][150][151][19][18][131]
    [17][16][132][133][134][135][129][29][30][32]
    [33][35][36][48][47][46][84][87][82][83]
    [60][41][42][59][173][164][163][162][161][160]
    [155][130][24][21][25][26][39][40][43][58]
    [63][64][65][73][72][71][70][69][68][67]
    [66][108][101][98][99][100][123][124][31][27]
    [28][122][107][91][92][93][77][76][74][75]
    [78][89][88][81][80][79][94][95][96][97]
    [90][110][113][118][152][153][154][128][127][125]
    [126][20][136][211][202][201][195][185][181][180]
    [177][261][276][278][243][237][232][226][190][189]
    [188][187][186][184][179][178][267][15][14][38]
    [53][54][55][56][57][44][45][37][34][251]
    [249][246][240][239][238][245][250][209][224][223]
    [222][221][220][219][218][217][216][215][203][204]
    [212][214][225][213][210][242][241][1][2][3]
    [277][255][231][236][235][234][233][227][229][228]
    [230][244][275][5][6][7][8][274][208][206]
    [205][143][198][183][182][61][62][85][86][111]
    [109][174][149][264][263][262][4][0][279][247]
    [248][258][259][260][256][200][194][193][196][191]
    [192][197][199][140][139][265][138][147][145][144]
    [142][141][146][148][137][266][268][269][270][271]
    [272][273][257][254][252][207][253][9][10][11]
    [12][13][23][22][121][120][117][116][115][112]
    [114][159][158][157][156][119][52][51][50][49]

--------------------------------------------------------------
* Runtime = 810.476294

** 24
-- fitness = [6426]
-- chromos = [62][58][43][44][40][41][42][118][151][155]
    [120][121][57][67][66][64][116][117][156][157]
    [150][134][133][132][20][29][33][34][38][39]
    [46][47][37][123][122][60][61][54][53][52]
    [51][48][27][24][22][23][16][17][18][19]
    [127][126][125][124][128][129][130][5][4][278]
    [277][3][276][264][148][178][166][167][104][103]
    [107][108][114][59][45][55][56][72][73][78]
    [89][109][146][246][243][244][250][199][198][145]
    [147][268][269][14][11][10][8][207][206][204]
    [203][143][144][142][141][263][262][261][213][224]
    [223][222][221][218][217][216][214][225][226][233]
    [234][232][205][139][32][35][68][69][70][71]
    [65][63][85][86][87][81][88][111][110][159]
    [158][176][6][7][9][12][13][270][271][272]
    [259][258][257][247][249][248][255][254][253][256]
    [260][15][21][25][28][30][36][49][50][31]
    [26][0][1][279][2][208][209][211][215][219]
    [220][194][190][171][170][169][172][105][106][113]
    [112][82][75][74][76][77][93][97][98][99]
    [100][92][96][95][94][101][197][200][201][202]
    [240][242][241][239][238][237][230][245][275][274]
    [273][131][153][154][138][140][210][227][235][236]
    [231][265][152][119][115][84][83][80][79][90]
    [91][102][168][165][164][163][183][182][160][174]
    [181][180][179][175][177][149][137][136][135][267]
    [266][252][251][229][228][212][195][196][193][191]
    [192][185][186][184][189][188][187][162][161][173]

--------------------------------------------------------------
* Runtime = 688.412901
